0 0.096296 0.272727 0.059259 0.053476
0 0.475926 0.291444 0.048148 0.048128
0 0.609259 0.294118 0.033333 0.042781
0 0.792593 0.216578 0.037037 0.058824
0 0.929630 0.288770 0.044444 0.053476
6 0.109259 0.863636 0.122222 0.069519
6 0.268519 0.866310 0.129630 0.085561
6 0.451852 0.933155 0.125926 0.080214
6 0.594444 0.898396 0.159259 0.106952
6 0.753704 0.887701 0.137037 0.128342
6 0.907407 0.882353 0.155556 0.160428
4 0.240741 0.550802 0.148148 0.684492
4 0.450000 0.582888 0.144444 0.770053
4 0.605556 0.574866 0.159259 0.786096
4 0.762963 0.545455 0.155556 0.834225
4 0.916667 0.574866 0.144444 0.775401
