0 0.257056 0.232975 0.054435 0.043011
0 0.517641 0.172939 0.053427 0.037634
0 0.674395 0.157706 0.030242 0.053763
2 0.257560 0.190860 0.047379 0.019713
3 0.262601 0.156810 0.081653 0.041219
1 0.518649 0.139785 0.045363 0.121864
4 0.278730 0.484767 0.138105 0.761649
4 0.526210 0.450717 0.163306 0.797491
4 0.682460 0.469534 0.120968 0.820789
5 0.273185 0.450717 0.062500 0.059140
5 0.511089 0.335125 0.062500 0.060932
6 0.277722 0.814516 0.091734 0.048387
6 0.533266 0.818100 0.096774 0.087814
6 0.668851 0.808244 0.138105 0.089606
