1 0.169737 0.296000 0.065789 0.128000
0 0.173684 0.307000 0.042105 0.058000
4 0.159649 0.587000 0.126316 0.826000
1 0.291228 0.313000 0.031579 0.122000
1 0.821053 0.392000 0.045614 0.120000
1 0.712719 0.386000 0.030702 0.088000
1 0.660526 0.360000 0.033333 0.084000
1 0.584211 0.364000 0.026316 0.072000
1 0.515789 0.366000 0.029825 0.080000
1 0.332895 0.317000 0.034211 0.078000
1 0.430702 0.398000 0.024561 0.068000
1 0.422368 0.277000 0.021930 0.066000
1 0.482895 0.294000 0.020175 0.084000
1 0.622807 0.372000 0.024561 0.076000
