5 0.084545 0.265348 0.049091 0.102319
5 0.267273 0.519100 0.038182 0.099591
5 0.284091 0.340382 0.050000 0.083220
5 0.467727 0.555252 0.042727 0.087312
5 0.598182 0.414734 0.049091 0.092769
5 0.704091 0.392224 0.053636 0.118690
5 0.645455 0.612551 0.040000 0.109141
2 0.165909 0.113233 0.088182 0.046385
2 0.394545 0.170532 0.072727 0.046385
2 0.560000 0.220327 0.081818 0.042292
2 0.700455 0.188267 0.073636 0.043656
6 0.131364 0.954297 0.071818 0.083220
6 0.227273 0.917462 0.090909 0.077763
6 0.391818 0.905184 0.098182 0.077763
6 0.571364 0.946112 0.113636 0.102319
0 0.704091 0.231241 0.055455 0.055935
0 0.560455 0.255116 0.048182 0.040928
0 0.397727 0.204638 0.050000 0.054570
0 0.167273 0.151432 0.058182 0.043656
4 0.165909 0.518417 0.213636 0.960437
4 0.385909 0.530696 0.186364 0.864939
4 0.561818 0.568895 0.145455 0.848568
4 0.735455 0.557981 0.198182 0.884038
